Timestamp,FrameTime,MemoryUsage,CollapsedCells,LoadedChunks,ProcessingChunks,TotalCells,TotalTriangles,TotalVertices,CollapsedCellPercentage,ProcessingEfficiency,
2025-04-09 16:15:51,333.33,619.56,0,0,0,0,0,0,0.0000,1.0000,
2025-04-09 16:16:03,0.00,0.00,333.33,652.94,0.00,0.00,0,0,0,0,0,0,0,0,0,0.0000,0.0000,0.0000,1.0000,
2025-04-09 16:16:30,0.00,0.00,32.26,680.58,0.00,0.00,0,0,167936,0,41,0,167936,37042,111126,0.0000,1.0000,0.0000,1.0000,
2025-04-09 16:16:45,0.00,0.00,64.83,762.70,0.00,0.00,0,0,200704,0,49,0,200704,46144,138432,0.0000,1.0000,0.0000,1.0000,
2025-04-09 16:16:54,0.00,0.00,54.79,785.54,0.00,0.00,0,0,217088,0,56,0,229376,52432,157296,0.0000,0.9464,0.0000,1.0000,
2025-04-09 16:16:55,0.00,0.00,35.36,699.86,0.00,0.00,0,0,217088,0,56,0,229376,52432,157296,0.0000,0.9464,0.0000,1.0000,
2025-04-09 16:16:57,0.00,0.00,32.18,744.79,0.00,0.00,0,0,217088,0,56,0,229376,52432,157296,0.0000,0.9464,0.0000,1.0000,
2025-04-09 16:16:59,0.00,0.00,34.73,794.28,0.00,0.00,0,0,217088,0,56,0,229376,52432,157296,0.0000,0.9464,0.0000,1.0000,
2025-04-09 16:16:59,0.00,0.00,73.96,799.26,0.00,0.00,0,0,217088,0,56,0,229376,52432,157296,0.0000,0.9464,0.0000,1.0000,
2025-04-09 16:17:00,0.00,0.00,32.50,707.72,0.00,0.00,0,0,217088,0,56,0,229376,52432,157296,0.0000,0.9464,0.0000,1.0000,
2025-04-09 16:17:01,0.00,0.00,34.92,737.82,0.00,0.00,0,0,217088,0,56,0,229376,52432,157296,0.0000,0.9464,0.0000,1.0000,
2025-04-09 16:17:01,0.00,0.00,34.92,741.50,0.00,0.00,0,0,217088,0,56,0,229376,52432,157296,0.0000,0.9464,0.0000,1.0000,
2025-04-09 16:17:02,0.00,0.00,51.48,760.32,0.00,0.00,0,0,217088,0,56,0,229376,52432,157296,0.0000,0.9464,0.0000,1.0000,
2025-04-09 16:17:02,0.00,0.00,32.56,771.93,0.00,0.00,0,0,217088,0,56,0,229376,52432,157296,0.0000,0.9464,0.0000,1.0000,
2025-04-09 16:17:03,0.00,0.00,28.54,798.16,0.00,0.00,0,0,217088,0,56,0,229376,52432,157296,0.0000,0.9464,0.0000,1.0000,
2025-04-09 16:17:04,0.00,0.00,29.92,707.59,0.00,0.00,0,0,217088,0,56,0,229376,52432,157296,0.0000,0.9464,0.0000,1.0000,
2025-04-09 16:17:04,0.00,0.00,61.39,712.75,0.00,0.00,0,0,221184,0,57,0,233472,52432,157296,0.0000,0.9474,0.0000,1.0000,
2025-04-09 16:17:06,0.00,0.00,62.79,806.92,0.00,0.00,0,0,212992,0,60,0,245760,55154,165462,0.0000,0.8667,0.0000,1.0000,
2025-04-09 16:17:06,0.00,0.00,50.92,715.30,0.00,0.00,0,0,221184,0,62,0,253952,56888,170664,0.0000,0.8710,0.0000,1.0000,
2025-04-09 16:17:08,0.00,0.00,78.81,729.25,0.00,0.00,0,0,229376,0,67,0,274432,62702,188106,0.0000,0.8358,0.0000,1.0000,
2025-04-09 16:17:08,0.00,0.00,51.68,733.85,0.00,0.00,0,0,229376,0,67,0,274432,62702,188106,0.0000,0.8358,0.0000,1.0000,
2025-04-09 16:17:10,0.00,0.00,105.29,856.78,0.00,0.00,0,0,233472,0,68,0,278528,63250,189750,0.0000,0.8382,0.0000,1.0000,
2025-04-09 16:17:21,0.00,0.00,34.72,792.81,0.00,0.00,0,0,253952,0,75,0,307200,69666,208998,0.0000,0.8267,0.0000,1.0000,
2025-04-09 16:17:46,0.00,0.00,40.73,899.50,0.00,0.00,0,0,233472,0,72,0,294912,66368,199104,0.0000,0.7917,0.0000,1.0000,
2025-04-09 16:17:54,0.00,0.00,50.30,889.44,0.00,0.00,0,0,233472,0,72,0,294912,66368,199104,0.0000,0.7917,0.0000,1.0000,
2025-04-09 16:17:59,0.00,0.00,35.35,829.90,0.00,0.00,0,0,233472,0,72,0,294912,66368,199104,0.0000,0.7917,0.0000,1.0000,
2025-04-09 16:18:04,0.00,0.00,32.18,893.06,0.00,0.00,0,0,233472,0,72,0,294912,66368,199104,0.0000,0.7917,0.0000,1.0000,
2025-04-09 16:18:09,0.00,0.00,59.90,831.33,0.00,0.00,0,0,233472,0,72,0,294912,66368,199104,0.0000,0.7917,0.0000,1.0000,
2025-04-09 16:18:14,0.00,0.00,35.27,894.11,0.00,0.00,0,0,233472,0,72,0,294912,66368,199104,0.0000,0.7917,0.0000,1.0000,
2025-04-09 16:18:19,0.00,0.00,46.91,795.15,0.00,0.00,0,0,233472,0,72,0,294912,66368,199104,0.0000,0.7917,0.0000,1.0000,
2025-04-09 17:48:45,0.00,0.00,17.01,758.36,0.00,0.00,0,0,196608,0,60,0,245760,55758,167274,0.0000,0.8000,0.0000,1.0000,
2025-04-09 18:27:05,0.00,0.00,20.45,677.02,0.00,0.00,0,0,217088,0,53,0,217088,47241,141723,0.0000,1.0000,0.0000,1.0000,
2025-04-09 18:27:30,0.00,0.00,17.90,762.21,0.00,0.00,0,0,200704,0,63,0,258048,54690,164070,0.0000,0.7778,0.0000,1.0000,
2025-04-09 18:27:55,0.00,0.00,30.89,692.83,0.00,0.00,0,0,200704,0,63,0,258048,54690,164070,0.0000,0.7778,0.0000,1.0000,
2025-04-09 18:35:11,0.00,0.00,16.73,665.44,0.00,0.00,0,0,167936,0,41,0,167936,33237,99711,0.0000,1.0000,0.0000,1.0000,
2025-04-09 18:35:36,0.00,0.00,17.02,774.24,0.00,0.00,0,0,196608,0,48,0,196608,38637,115911,0.0000,1.0000,0.0000,1.0000,
2025-04-09 18:36:01,0.00,0.00,14.61,677.37,0.00,0.00,0,0,221184,0,54,0,221184,43467,130401,0.0000,1.0000,0.0000,1.0000,
2025-04-09 18:36:26,0.00,0.00,37.20,792.18,0.00,0.00,0,0,241664,0,73,0,299008,58998,176994,0.0000,0.8082,0.0000,1.0000,
2025-04-09 18:36:51,0.00,0.00,17.57,868.03,0.00,0.00,0,0,258048,0,78,0,319488,62649,187947,0.0000,0.8077,0.0000,1.0000,
2025-04-09 18:38:57,0.00,0.00,35.13,826.91,0.00,0.00,0,0,253952,0,79,0,323584,63821,191463,0.0000,0.7848,0.0000,1.0000,
2025-04-09 18:39:22,0.00,0.00,15.00,805.33,0.00,0.00,0,0,114688,0,55,0,225280,45336,136008,0.0000,0.5091,0.0000,1.0000,
2025-04-09 18:39:47,0.00,0.00,18.79,876.15,0.00,0.00,0,0,241664,0,70,0,286720,55623,166869,0.0000,0.8429,0.0000,1.0000,
2025-04-09 18:40:12,0.00,0.00,45.41,799.83,0.00,0.00,0,0,294912,0,89,0,364544,71121,213363,0.0000,0.8090,0.0000,1.0000,
2025-04-09 18:40:37,0.00,0.00,33.01,779.49,0.00,0.00,0,0,294912,0,89,0,364544,71121,213363,0.0000,0.8090,0.0000,1.0000,
2025-04-09 18:42:59,0.00,0.00,31.10,668.73,0.00,0.00,0,0,167936,0,41,0,167936,32696,98088,0.0000,1.0000,0.0000,1.0000,
2025-04-09 18:43:24,0.00,0.00,16.60,668.93,0.00,0.00,0,0,229376,0,56,0,229376,45120,135360,0.0000,1.0000,0.0000,1.0000,
2025-04-09 18:43:49,0.00,0.00,17.16,764.41,0.00,0.00,0,0,245760,0,77,0,315392,61500,184500,0.0000,0.7792,0.0000,1.0000,
2025-04-09 20:03:12,0.00,0.00,32.56,670.93,0.00,0.00,0,0,172032,0,42,0,172032,32912,98736,0.0000,1.0000,0.0000,1.0000,
2025-04-09 20:45:15,0.00,0.00,16.88,779.79,0.00,0.00,0,0,200704,0,49,0,200704,37318,111954,0.0000,1.0000,0.0000,1.0000,
2025-04-09 20:45:40,0.00,0.00,33.96,756.55,0.00,0.00,0,0,208896,0,71,0,290816,54533,163599,0.0000,0.7183,0.0000,1.0000,
2025-04-12 11:12:30,0.00,0.00,63.39,724.02,0.00,0.00,0,0,147456,0,36,0,147456,27189,81567,0.0000,1.0000,0.0000,1.0000,
2025-04-12 11:12:55,0.00,0.00,34.76,682.09,0.00,0.00,0,0,188416,0,46,0,188416,34437,103311,0.0000,1.0000,0.0000,1.0000,
2025-04-12 11:13:27,0.00,0.00,69.03,780.11,0.00,0.00,0,0,188416,0,46,0,188416,34437,103311,0.0000,1.0000,0.0000,1.0000,
2025-04-12 12:20:27,0.00,0.00,17.86,705.46,0.00,0.00,0,0,176128,0,43,0,176128,32222,96666,0.0000,1.0000,0.0000,1.0000,
2025-04-12 12:20:52,0.00,0.00,31.51,697.05,0.00,0.00,0,0,176128,0,43,0,176128,32218,96654,0.0000,1.0000,0.0000,1.0000,
2025-04-12 12:21:17,0.00,0.00,16.00,750.23,0.00,0.00,0,0,172032,0,61,0,249856,45771,137313,0.0000,0.6885,0.0000,1.0000,
2025-04-12 12:21:42,0.00,0.00,22.93,740.57,0.00,0.00,0,0,188416,0,62,0,253952,45629,136887,0.0000,0.7419,0.0000,1.0000,
2025-04-12 12:22:07,0.00,0.00,17.78,885.05,0.00,0.00,0,0,225280,0,70,0,286720,51132,153396,0.0000,0.7857,0.0000,1.0000,
2025-04-12 12:22:33,0.00,0.00,17.62,818.48,0.00,0.00,0,0,225280,0,70,0,286720,51132,153396,0.0000,0.7857,0.0000,1.0000,
2025-04-12 12:22:58,0.00,0.00,34.19,877.42,0.00,0.00,0,0,212992,0,66,0,270336,48450,145350,0.0000,0.7879,0.0000,1.0000,
2025-04-12 12:23:23,0.00,0.00,17.19,717.09,0.00,0.00,0,0,208896,0,66,0,270336,48330,144990,0.0000,0.7727,0.0000,1.0000,
2025-04-12 12:23:48,0.00,0.00,16.67,733.41,0.00,0.00,0,0,208896,0,66,0,270336,48330,144990,0.0000,0.7727,0.0000,1.0000,
2025-04-12 12:24:13,0.00,0.00,18.13,744.08,0.00,0.00,0,0,208896,0,66,0,270336,48330,144990,0.0000,0.7727,0.0000,1.0000,
2025-04-12 12:24:38,0.00,0.00,16.55,728.32,0.00,0.00,0,0,208896,0,66,0,270336,48330,144990,0.0000,0.7727,0.0000,1.0000,
2025-04-12 12:25:03,0.00,0.00,16.88,750.99,0.00,0.00,0,0,208896,0,66,0,270336,48330,144990,0.0000,0.7727,0.0000,1.0000,
2025-04-12 12:25:28,0.00,0.00,17.37,740.23,0.00,0.00,0,0,208896,0,66,0,270336,48330,144990,0.0000,0.7727,0.0000,1.0000,
2025-04-12 12:25:53,0.00,0.00,18.25,774.14,0.00,0.00,0,0,208896,0,66,0,270336,48330,144990,0.0000,0.7727,0.0000,1.0000,
2025-04-12 12:26:18,0.00,0.00,16.13,805.23,0.00,0.00,0,0,208896,0,66,0,270336,48330,144990,0.0000,0.7727,0.0000,1.0000,
2025-04-12 12:26:43,0.00,0.00,16.83,812.11,0.00,0.00,0,0,208896,0,66,0,270336,48330,144990,0.0000,0.7727,0.0000,1.0000,
2025-04-12 12:27:08,0.00,0.00,16.99,821.33,0.00,0.00,0,0,208896,0,66,0,270336,48330,144990,0.0000,0.7727,0.0000,1.0000,
2025-04-12 12:27:33,0.00,0.00,15.78,802.22,0.00,0.00,0,0,208896,0,66,0,270336,48330,144990,0.0000,0.7727,0.0000,1.0000,
2025-04-12 12:27:58,0.00,0.00,16.99,826.99,0.00,0.00,0,0,208896,0,66,0,270336,48330,144990,0.0000,0.7727,0.0000,1.0000,
2025-04-12 12:28:23,0.00,0.00,16.71,795.54,0.00,0.00,0,0,208896,0,66,0,270336,48330,144990,0.0000,0.7727,0.0000,1.0000,
2025-04-12 12:28:48,0.00,0.00,18.76,779.32,0.00,0.00,0,0,208896,0,66,0,270336,48330,144990,0.0000,0.7727,0.0000,1.0000,
2025-04-12 12:29:13,0.00,0.00,18.23,777.50,0.00,0.00,0,0,208896,0,66,0,270336,48330,144990,0.0000,0.7727,0.0000,1.0000,
2025-04-12 12:29:38,0.00,0.00,16.29,745.50,0.00,0.00,0,0,208896,0,66,0,270336,48330,144990,0.0000,0.7727,0.0000,1.0000,
2025-04-12 12:30:03,0.00,0.00,16.76,782.54,0.00,0.00,0,0,208896,0,66,0,270336,48330,144990,0.0000,0.7727,0.0000,1.0000,
2025-04-12 12:30:28,0.00,0.00,16.91,812.04,0.00,0.00,0,0,208896,0,66,0,270336,48330,144990,0.0000,0.7727,0.0000,1.0000,
2025-04-12 12:30:53,0.00,0.00,17.89,808.72,0.00,0.00,0,0,208896,0,66,0,270336,48330,144990,0.0000,0.7727,0.0000,1.0000,
2025-04-12 12:31:19,0.00,0.00,17.89,814.67,0.00,0.00,0,0,208896,0,66,0,270336,48330,144990,0.0000,0.7727,0.0000,1.0000,
2025-04-12 12:31:44,0.00,0.00,15.84,780.13,0.00,0.00,0,0,208896,0,66,0,270336,48330,144990,0.0000,0.7727,0.0000,1.0000,
2025-04-12 12:32:09,0.00,0.00,16.18,813.46,0.00,0.00,0,0,208896,0,66,0,270336,48330,144990,0.0000,0.7727,0.0000,1.0000,
2025-04-12 12:32:34,0.00,0.00,16.68,822.96,0.00,0.00,0,0,208896,0,66,0,270336,48330,144990,0.0000,0.7727,0.0000,1.0000,
2025-04-12 12:32:59,0.00,0.00,44.29,675.64,0.00,0.00,0,0,208896,0,66,0,270336,48330,144990,0.0000,0.7727,0.0000,1.0000,
2025-04-12 12:33:24,0.00,0.00,17.33,708.08,0.00,0.00,0,0,208896,0,66,0,270336,48330,144990,0.0000,0.7727,0.0000,1.0000,
2025-04-12 12:33:49,0.00,0.00,17.40,685.35,0.00,0.00,0,0,208896,0,66,0,270336,48330,144990,0.0000,0.7727,0.0000,1.0000,
2025-04-12 12:34:14,0.00,0.00,17.82,718.09,0.00,0.00,0,0,208896,0,66,0,270336,48330,144990,0.0000,0.7727,0.0000,1.0000,
2025-04-12 12:34:39,0.00,0.00,14.86,738.48,0.00,0.00,0,0,208896,0,66,0,270336,48330,144990,0.0000,0.7727,0.0000,1.0000,
2025-04-12 12:35:04,0.00,0.00,18.34,723.51,0.00,0.00,0,0,208896,0,66,0,270336,48330,144990,0.0000,0.7727,0.0000,1.0000,
2025-04-12 12:35:29,0.00,0.00,16.39,722.83,0.00,0.00,0,0,208896,0,66,0,270336,48330,144990,0.0000,0.7727,0.0000,1.0000,
2025-04-12 12:35:54,0.00,0.00,4.81,677.56,0.00,0.00,0,0,208896,0,66,0,270336,48330,144990,0.0000,0.7727,0.0000,1.0000,
2025-04-12 12:36:19,0.00,0.00,16.15,694.02,0.00,0.00,0,0,208896,0,66,0,270336,48330,144990,0.0000,0.7727,0.0000,1.0000,
2025-04-12 12:36:44,0.00,0.00,15.42,693.90,0.00,0.00,0,0,208896,0,66,0,270336,48330,144990,0.0000,0.7727,0.0000,1.0000,
2025-04-12 12:37:09,0.00,0.00,17.22,689.55,0.00,0.00,0,0,208896,0,66,0,270336,48330,144990,0.0000,0.7727,0.0000,1.0000,
2025-04-12 12:37:34,0.00,0.00,16.65,703.57,0.00,0.00,0,0,208896,0,66,0,270336,48330,144990,0.0000,0.7727,0.0000,1.0000,
2025-04-12 12:37:59,0.00,0.00,16.02,677.72,0.00,0.00,0,0,208896,0,66,0,270336,48330,144990,0.0000,0.7727,0.0000,1.0000,
2025-04-12 12:38:24,0.00,0.00,16.09,706.20,0.00,0.00,0,0,208896,0,66,0,270336,48330,144990,0.0000,0.7727,0.0000,1.0000,
2025-04-12 12:38:49,0.00,0.00,16.41,728.60,0.00,0.00,0,0,208896,0,66,0,270336,48330,144990,0.0000,0.7727,0.0000,1.0000,
2025-04-12 12:39:14,0.00,0.00,16.19,741.88,0.00,0.00,0,0,208896,0,66,0,270336,48330,144990,0.0000,0.7727,0.0000,1.0000,
2025-04-13 14:09:40,0.00,0.00,14.92,799.15,0.00,0.00,0,0,229376,0,70,0,286720,37490,112470,0.0000,0.8000,0.0000,1.0000,
2025-04-13 14:10:05,0.00,0.00,32.54,828.25,0.00,0.00,0,0,229376,0,70,0,286720,37490,112470,0.0000,0.8000,0.0000,1.0000,
2025-04-13 14:10:30,0.00,0.00,20.54,731.06,0.00,0.00,0,0,229376,0,70,0,286720,37490,112470,0.0000,0.8000,0.0000,1.0000,
2025-04-13 14:51:48,0.00,0.00,20.19,818.21,0.00,0.00,0,0,323584,0,79,0,323584,71993,215979,0.0000,1.0000,0.0000,1.0000,
2025-04-13 15:07:21,0.00,0.00,15.93,708.97,0.00,0.00,0,0,192512,0,47,0,192512,27076,81228,0.0000,1.0000,0.0000,1.0000,
2025-04-13 15:07:46,0.00,0.00,16.92,722.49,0.00,0.00,0,0,200704,0,49,0,200704,28242,84726,0.0000,1.0000,0.0000,1.0000,
